395.154572
337.587921
1.144576
-1.328927
0.000000
1.000000
0.090649
1.000000
0.453160
0.642110
0.717590
0.268840
0.862821
0.242424
1.000000
0.537207
0.000000
1.000000
0.068932
0.921461
0.348967
0.477348
0.588956
0.101546
0.864010
0.061006
1.000000
0.000000
0.000000
1.000000
0.031334
1.000000
0.202540
0.366276
0.604558
0.000000
0.843724
0.060606
1.000000
0.000000
0.000000
1.000000
0.200000
1.000000
0.404032
1.000000
0.600000
1.000000
0.800000
1.000000
1.000000
1.000000
0.830627
1.320665
0.576179
0.823529
