396.304291
330.012909
1.119594
69.912231
0.000000
1.000000
0.127420
0.545455
0.363710
0.812121
0.604032
0.460606
0.791935
0.200000
1.000000
0.606061
0.000000
1.000000
0.083065
1.000000
0.299194
0.418182
0.651484
0.000000
0.810365
0.000000
1.000000
0.290598
0.000000
1.000000
0.051755
0.934195
0.115509
0.587701
0.560168
0.265982
0.825698
0.393939
1.000000
0.000000
0.000000
1.000000
0.159678
1.000000
0.332005
0.818182
0.569875
1.000000
0.804839
1.000000
1.000000
1.000000
0.573851
1.433894
1.263683
0.874005
